VTMapCustom
{
	mapID = SlamJamMap
	mapName = 
	mapDescription = 
	mapType = HeightMap
	edgeMode = Water
	longitude = 26.4
	latitude = 0
	cloudHeightOffset = 79.42123
	biome = Arctic
	seed = x
	mapSize = 45
	TerrainSettings
	{
		mainNoiseScale = 10
		maxMtnHeight = 4000
	}
	StaticPrefabs
	{
		StaticPrefab
		{
			prefab = airbase1
			id = 0
			globalPos = (114821.45104980469, 99.97900390625, 94072.55908203125)
			rotation = (0, 57.02759, 0)
			grid = (37,30)
			tSpacePos = (-1157.451, 1912.559, 99.97876)
			terrainToLocalMatrix = -0.5442352;-0.8389329;1.000086E-07;974.5832;0;-1.192093E-07;1;-99.979;-0.838933;0.5442351;-6.487787E-08;-2011.906;0;0;0;1;
			baseName = Strike Base Charlie
		}
		StaticPrefab
		{
			prefab = dock1
			id = 6
			globalPos = (92607.466796875, 4, 18648.881958007813)
			rotation = (0, 314.1594, 0)
			grid = (30,6)
			tSpacePos = (-447.4669, 216.882, 3.999969)
			terrainToLocalMatrix = -0.6966571;0.7174045;-8.552127E-08;-467.3229;0;-1.192093E-07;1;-4;0.7174046;0.696657;-8.304798E-08;169.9221;0;0;0;1;
		}
		StaticPrefab
		{
			prefab = airbase1
			id = 2
			globalPos = (97991.429931640625, 321.248046875, 22865.451171875)
			rotation = (0, 72.60161, 0)
			grid = (31,7)
			tSpacePos = (-2759.43, 1361.451, 321.2479)
			terrainToLocalMatrix = -0.2990142;-0.9542488;1.137553E-07;474.0549;0;-1.192093E-07;1;-321.248;-0.9542489;0.2990141;-3.564526E-08;-3040.276;0;0;0;1;
			baseName = South Enemy Base
		}
		StaticPrefab
		{
			prefab = dock1
			id = 3
			globalPos = (74411.155395507813, 4, 73150.7080078125)
			rotation = (0, 2.001911, 0)
			grid = (24,23)
			tSpacePos = (-683.1555, 2494.708, 3.999756)
			terrainToLocalMatrix = -0.9993899;-0.03493283;4.164318E-09;-595.5912;0;-1.192093E-07;1;-4;-0.03493284;0.9993898;-1.191365E-07;-2517.05;0;0;0;1;
		}
		StaticPrefab
		{
			prefab = dock1
			id = 4
			globalPos = (73648.8525390625, 4, 73298.18310546875)
			rotation = (0, 28.98496, 0)
			grid = (23,23)
			tSpacePos = (-2992.853, 2642.183, 3.999756)
			terrainToLocalMatrix = -0.8747472;-0.48458;5.776644E-08;-1337.64;0;-1.192093E-07;1;-4;-0.4845801;0.8747471;-1.04278E-07;-3761.518;0;0;0;1;
		}
		StaticPrefab
		{
			prefab = airbase3
			id = 5
			globalPos = (72791.623291015625, 134.5888671875, 70620.24609375)
			rotation = (0, 93.41974, 0)
			grid = (23,22)
			tSpacePos = (-2135.624, 3036.246, 134.5886)
			terrainToLocalMatrix = 0.05965032;-0.9982195;1.18997E-07;3158.23;0;-1.192093E-07;1;-134.5889;-0.9982197;-0.05965031;7.11087E-09;-1950.708;0;0;0;1;
			baseName = North Enemy Base
		}
		StaticPrefab
		{
			prefab = dock1
			id = 7
			globalPos = (92249.142578125, 4, 18072.247314453125)
			rotation = (0, 321.3603, 0)
			grid = (30,5)
			tSpacePos = (-89.14259, 2712.248, 3.999756)
			terrainToLocalMatrix = -0.7810879;0.6244213;-7.443681E-08;-1763.213;0;-1.192093E-07;1;-4;0.6244214;0.7810879;-9.311292E-08;-2062.841;0;0;0;1;
		}
		StaticPrefab
		{
			prefab = dock1
			id = 8
			globalPos = (91921.28515625, 4, 17341.825439453125)
			rotation = (0, 289.7631, 0)
			grid = (29,5)
			tSpacePos = (-2833.286, 1981.826, 3.999756)
			terrainToLocalMatrix = -0.3381316;0.9410991;-1.121877E-07;-2823.117;0;-1.192093E-07;1;-4;0.9410992;0.3381315;-4.030841E-08;1996.284;0;0;0;1;
		}
	}
	BezierRoads
	{
		Chunk
		{
			grid = (0,0)
			Segment
			{
				id = 39
				type = 1
				bridge = True
				length = 0
				s = (0, 0, 0)
				m = (0, 0, 0)
				e = (0, 0, 0)
				ns = 40
			}
			Segment
			{
				id = 40
				type = 1
				bridge = True
				length = 0
				s = (0, 0, 0)
				m = (0, 0, 0)
				e = (0, 0, 0)
				ps = 39
				ns = 41
			}
			Segment
			{
				id = 41
				type = 1
				bridge = True
				length = 0
				s = (0, 0, 0)
				m = (0, 0, 0)
				e = (0, 0, 0)
				ps = 40
			}
			Segment
			{
				id = 83
				type = 1
				bridge = True
				length = 0
				s = (0, 0, 0)
				m = (0, 0, 0)
				e = (0, 0, 0)
				ps = 82
				ns = 84
			}
			Segment
			{
				id = 84
				type = 1
				bridge = True
				length = 0
				s = (0, 0, 0)
				m = (0, 0, 0)
				e = (0, 0, 0)
				ps = 83
				ns = 85
			}
			Segment
			{
				id = 85
				type = 1
				bridge = True
				length = 0
				s = (0, 0, 0)
				m = (0, 0, 0)
				e = (0, 0, 0)
				ps = 84
			}
		}
		Chunk
		{
			grid = (31,6)
			Segment
			{
				id = 42
				type = 1
				bridge = True
				length = 370.5967
				s = (95574.322265625, 110.745361328125, 20748.079833984375)
				m = (95704.557236970955, 134.70533521533577, 20877.695643462168)
				e = (95834.792208316896, 158.6653091025465, 21007.311452939965)
				ns = 43
			}
			Segment
			{
				id = 43
				type = 1
				bridge = True
				length = 372.6604
				s = (95834.792208316896, 158.6653091025465, 21007.311452939965)
				m = (95965.737906642273, 182.75675234861373, 21137.663291380486)
				e = (96096.623023219421, 206.84014544553756, 21268.078788206658)
				ps = 42
				ns = 44
			}
			Segment
			{
				id = 44
				type = 1
				bridge = True
				length = 347.1695
				s = (96096.623023219421, 206.84014544553756, 21268.078788206658)
				m = (96218.514945758769, 229.27077298171474, 21389.614369154595)
				e = (96340.406868298116, 251.70140051789195, 21511.149950102536)
				ps = 43
				ns = 45
			}
		}
		Chunk
		{
			grid = (31,7)
			Segment
			{
				id = 45
				type = 1
				bridge = False
				length = 340.2396
				s = (96340.406868298116, 251.70140051789195, 21511.149950102536)
				m = (96489.8828125, 321.248046875, 21660.328125)
				e = (96579.02734375, 323.108154296875, 21749.67724609375)
				ps = 44
				ns = 46
			}
			Segment
			{
				id = 46
				type = 1
				bridge = False
				length = 214.3088
				s = (96579.02734375, 323.108154296875, 21749.67724609375)
				m = (96728.525634765625, 323.156494140625, 21899.4873046875)
				e = (96728.296630859375, 323.156494140625, 21900.9462890625)
				ps = 45
				ns = 47
			}
			Segment
			{
				id = 47
				type = 1
				bridge = False
				length = 310.9985
				s = (96728.296630859375, 323.156494140625, 21900.9462890625)
				m = (96811.884521484375, 323.156494140625, 21769.92333984375)
				e = (96895.46435546875, 359.96875, 21638.901611328125)
				ps = 46
			}
		}
		Chunk
		{
			grid = (33,4)
			Segment
			{
				id = 78
				type = 1
				bridge = True
				length = 314.5346
				s = (102044.27796308427, -11.339761226290946, 13332.903207011843)
				m = (102126.80034856944, -16.890257361739401, 13189.301437143962)
				e = (102199.8542426124, -21.886086943953757, 13059.743407969157)
				ns = 79
			}
			Segment
			{
				id = 79
				type = 1
				bridge = True
				length = 319.5789
				s = (102199.8542426124, -21.886086943953757, 13059.743407969157)
				m = (102283.51951718725, -27.607591679502178, 12911.366226458696)
				e = (102355.19322324193, -32.63029103558128, 12780.666595721392)
				ps = 78
				ns = 80
			}
			Segment
			{
				id = 80
				type = 1
				bridge = True
				length = 308.7233
				s = (102355.19322324193, -32.63029103558128, 12780.666595721392)
				m = (102435.83314380387, -38.281319569053593, 12633.616695481474)
				e = (102501.30991229753, -43.048877666892949, 12508.915096360381)
				ps = 79
				ns = 81
			}
			Segment
			{
				id = 81
				type = 1
				bridge = True
				length = 304.4327
				s = (102501.30991229753, -43.048877666892949, 12508.915096360381)
				m = (102581.3365641032, -48.875849693048806, 12356.503174804579)
				e = (102638.71576027019, -53.383349864710183, 12237.468369506727)
				ps = 80
				ns = 82
			}
		}
		Chunk
		{
			grid = (33,3)
			Segment
			{
				id = 82
				type = 1
				bridge = True
				length = 307.2688
				s = (102638.71576027019, -53.383349864710183, 12237.468369506727)
				m = (102724.78271685712, -60.144450443868678, 12058.920118526994)
				e = (102759.88827334516, -63.936386603002589, 11955.479643063127)
				ps = 81
				ns = 83
			}
		}
	}
}

